[[  0  77 107 204 240]
 [  0  89 119 275 311]
 [  0 109 139 372 408]
 [  0 117 147 429 465]
 [  0 128 158 226 262]
 [  0 131 161 500 536]
 [  0 132 162 572 608]
 [  0 137 167 625 661]
 [  0 138 168 287 323]
 [  0 153 183 362 398]
 [  0 165 195 415 451]
 [  0 171 201 199 235]
 [  0 174 204 493 529]
 [  0 183 213 257 293]
 [  0 185 215 571 607]
 [  0 187 217 631 667]
 [  0 189 219 309 345]
 [  0 197 227 361 397]
 [  0 206 236 412 448]
 [  0 216 246 466 502]
 [  0 220 250 222 258]
 [  0 224 254 519 555]
 [  0 230 260 575 611]
 [  0 232 262 287 323]
 [  0 236 266 628 664]
 [  0 244 274 342 378]
 [  0 250 280 395 431]
 [  0 271 301 552 588]
 [  0 288 318 640 676]
 [  0 291 321 361 397]
 [  0 302 332 425 461]
 [  0 328 358 482 518]
 [  0 333 363 383 419]
 [  0 389 419 429 465]
 [  0 406 436 509 545]
 [  0 422 452 601 637]
 [  0 437 467 662 698]
 [  0 438 468 448 484]
 [  0 450 480 520 556]
 [  0 475 505 633 669]
 [  0 485 515 487 523]
 [  0 531 561 653 689]
 [  0 561 591 608 644]
 [  0 572 602 662 698]
 [  0 630 660 655 691]]
